@nodes
label	Point	
0	(0,0)	
1	(0,1)	
2	(0,2)	
3	(1,0)	
4	(1,1)	
5	(1,2)	
6	(2,0)	
7	(2,1)	
8	(2,2)	
9	(3,0)	
10	(3,1)	
11	(3,2)	
12	(5,34)	
13	(5,35)	
14	(5,36)	
15	(5,37)	
16	(5,38)	
17	(6,33)	
18	(6,34)	
19	(6,35)	
20	(6,36)	
21	(6,37)	
22	(6,38)	
23	(6,39)	
24	(7,33)	
25	(7,34)	
26	(7,35)	
27	(7,36)	
28	(7,38)	
29	(7,39)	
30	(8,33)	
31	(8,34)	
32	(8,35)	
33	(8,36)	
34	(8,38)	
35	(8,39)	
36	(9,33)	
37	(9,34)	
38	(9,35)	
39	(9,36)	
40	(9,38)	
41	(9,39)	
42	(10,33)	
43	(10,34)	
44	(10,35)	
45	(10,36)	
46	(10,38)	
47	(10,39)	
48	(11,34)	
49	(11,35)	
50	(11,36)	
51	(11,38)	
@arcs
		label	length	
51	22	0	5	
51	28	1	4	
51	29	2	5	
51	34	3	3	
51	35	4	4	
51	40	5	2	
51	41	6	3	
51	46	7	1	
51	47	8	2	
50	20	9	5	
50	24	10	5	
50	25	11	5	
50	26	12	5	
50	27	13	4	
50	30	14	5	
50	31	15	4	
50	32	16	4	
50	33	17	3	
50	36	18	4	
50	37	19	3	
50	38	20	3	
50	39	21	2	
50	42	22	4	
50	43	23	3	
50	44	24	2	
50	45	25	1	
50	48	26	2	
50	49	27	1	
49	19	28	5	
49	24	29	5	
49	25	30	5	
49	26	31	4	
49	27	32	5	
49	30	33	4	
49	31	34	4	
49	32	35	3	
49	33	36	4	
49	36	37	3	
49	37	38	3	
49	38	39	2	
49	39	40	3	
49	42	41	3	
49	43	42	2	
49	44	43	1	
49	45	44	2	
49	48	45	1	
49	50	46	1	
48	18	47	5	
48	24	48	5	
48	25	49	4	
48	26	50	5	
48	27	51	5	
48	30	52	4	
48	31	53	3	
48	32	54	4	
48	33	55	4	
48	36	56	3	
48	37	57	2	
48	38	58	3	
48	39	59	3	
48	42	60	2	
48	43	61	1	
48	44	62	2	
48	45	63	3	
48	49	64	1	
48	50	65	2	
47	21	66	5	
47	22	67	5	
47	23	68	4	
47	28	69	4	
47	29	70	3	
47	34	71	3	
47	35	72	2	
47	40	73	2	
47	41	74	1	
47	46	75	1	
47	51	76	2	
46	16	77	5	
46	21	78	5	
46	22	79	4	
46	23	80	5	
46	28	81	3	
46	29	82	4	
46	34	83	2	
46	35	84	3	
46	40	85	1	
46	41	86	2	
46	47	87	1	
46	51	88	1	
45	14	89	5	
45	17	90	5	
45	18	91	5	
45	19	92	5	
45	20	93	4	
45	21	94	5	
45	24	95	5	
45	25	96	4	
45	26	97	4	
45	27	98	3	
45	30	99	4	
45	31	100	3	
45	32	101	3	
45	33	102	2	
45	36	103	4	
45	37	104	3	
45	38	105	2	
45	39	106	1	
45	42	107	3	
45	43	108	2	
45	44	109	1	
45	48	110	3	
45	49	111	2	
45	50	112	1	
44	13	113	5	
44	17	114	5	
44	18	115	5	
44	19	116	4	
44	20	117	5	
44	21	118	5	
44	24	119	4	
44	25	120	4	
44	26	121	3	
44	27	122	4	
44	30	123	3	
44	31	124	3	
44	32	125	2	
44	33	126	3	
44	36	127	3	
44	37	128	2	
44	38	129	1	
44	39	130	2	
44	42	131	2	
44	43	132	1	
44	45	133	1	
44	48	134	2	
44	49	135	1	
44	50	136	2	
43	12	137	5	
43	17	138	5	
43	18	139	4	
43	19	140	5	
43	20	141	5	
43	21	142	5	
43	24	143	4	
43	25	144	3	
43	26	145	4	
43	27	146	4	
43	30	147	3	
43	31	148	2	
43	32	149	3	
43	33	150	3	
43	36	151	2	
43	37	152	1	
43	38	153	2	
43	39	154	3	
43	42	155	1	
43	44	156	1	
43	45	157	2	
43	48	158	1	
43	49	159	2	
43	50	160	3	
42	17	161	4	
42	18	162	5	
42	19	163	5	
42	20	164	5	
42	24	165	3	
42	25	166	4	
42	26	167	4	
42	27	168	5	
42	30	169	2	
42	31	170	3	
42	32	171	3	
42	33	172	4	
42	36	173	1	
42	37	174	2	
42	38	175	3	
42	39	176	4	
42	43	177	1	
42	44	178	2	
42	45	179	3	
42	48	180	2	
42	49	181	3	
42	50	182	4	
41	15	183	5	
41	16	184	5	
41	20	185	5	
41	21	186	4	
41	22	187	4	
41	23	188	3	
41	28	189	3	
41	29	190	2	
41	34	191	2	
41	35	192	1	
41	40	193	1	
41	46	194	2	
41	47	195	1	
41	51	196	3	
40	14	197	5	
40	15	198	5	
40	16	199	4	
40	20	200	5	
40	21	201	4	
40	22	202	3	
40	23	203	4	
40	27	204	5	
40	28	205	2	
40	29	206	3	
40	34	207	1	
40	35	208	2	
40	41	209	1	
40	46	210	1	
40	47	211	2	
40	51	212	2	
39	12	213	5	
39	13	214	5	
39	14	215	4	
39	15	216	5	
39	16	217	5	
39	17	218	5	
39	18	219	4	
39	19	220	4	
39	20	221	3	
39	21	222	4	
39	22	223	5	
39	24	224	4	
39	25	225	3	
39	26	226	3	
39	27	227	2	
39	28	228	5	
39	30	229	4	
39	31	230	3	
39	32	231	2	
39	33	232	1	
39	36	233	3	
39	37	234	2	
39	38	235	1	
39	42	236	4	
39	43	237	3	
39	44	238	2	
39	45	239	1	
39	48	240	3	
39	49	241	3	
39	50	242	2	
38	12	243	5	
38	13	244	4	
38	14	245	5	
38	15	246	5	
38	17	247	4	
38	18	248	4	
38	19	249	3	
38	20	250	4	
38	21	251	4	
38	22	252	5	
38	24	253	3	
38	25	254	3	
38	26	255	2	
38	27	256	3	
38	30	257	3	
38	31	258	2	
38	32	259	1	
38	33	260	2	
38	36	261	2	
38	37	262	1	
38	39	263	1	
38	42	264	3	
38	43	265	2	
38	44	266	1	
38	45	267	2	
38	48	268	3	
38	49	269	2	
38	50	270	3	
37	12	271	4	
37	13	272	5	
37	14	273	5	
37	15	274	5	
37	17	275	4	
37	18	276	3	
37	19	277	4	
37	20	278	4	
37	21	279	5	
37	24	280	3	
37	25	281	2	
37	26	282	3	
37	27	283	3	
37	30	284	2	
37	31	285	1	
37	32	286	2	
37	33	287	3	
37	36	288	1	
37	38	289	1	
37	39	290	2	
37	42	291	2	
37	43	292	1	
37	44	293	2	
37	45	294	3	
37	48	295	2	
37	49	296	3	
37	50	297	3	
36	12	298	5	
36	13	299	5	
36	14	300	5	
36	17	301	3	
36	18	302	4	
36	19	303	4	
36	20	304	5	
36	21	305	5	
36	24	306	2	
36	25	307	3	
36	26	308	3	
36	27	309	4	
36	30	310	1	
36	31	311	2	
36	32	312	3	
36	33	313	4	
36	37	314	1	
36	38	315	2	
36	39	316	3	
36	42	317	1	
36	43	318	2	
36	44	319	3	
36	45	320	4	
36	48	321	3	
36	49	322	3	
36	50	323	4	
35	13	324	5	
35	14	325	5	
35	15	326	4	
35	16	327	4	
35	19	328	5	
35	20	329	4	
35	21	330	3	
35	22	331	3	
35	23	332	2	
35	27	333	5	
35	28	334	2	
35	29	335	1	
35	34	336	1	
35	40	337	2	
35	41	338	1	
35	46	339	3	
35	47	340	2	
35	51	341	4	
34	13	342	5	
34	14	343	4	
34	15	344	4	
34	16	345	3	
34	19	346	5	
34	20	347	4	
34	21	348	3	
34	22	349	2	
34	23	350	3	
34	26	351	5	
34	27	352	4	
34	28	353	1	
34	29	354	2	
34	33	355	5	
34	35	356	1	
34	40	357	1	
34	41	358	2	
34	46	359	2	
34	47	360	3	
34	51	361	3	
33	12	362	4	
33	13	363	4	
33	14	364	3	
33	15	365	4	
33	16	366	4	
33	17	367	4	
33	18	368	3	
33	19	369	3	
33	20	370	2	
33	21	371	3	
33	22	372	4	
33	23	373	5	
33	24	374	4	
33	25	375	3	
33	26	376	2	
33	27	377	1	
33	28	378	4	
33	29	379	5	
33	30	380	3	
33	31	381	2	
33	32	382	1	
33	34	383	5	
33	36	384	4	
33	37	385	3	
33	38	386	2	
33	39	387	1	
33	42	388	4	
33	43	389	3	
33	44	390	3	
33	45	391	2	
33	48	392	4	
33	49	393	4	
33	50	394	3	
32	12	395	4	
32	13	396	3	
32	14	397	4	
32	15	398	4	
32	16	399	5	
32	17	400	3	
32	18	401	3	
32	19	402	2	
32	20	403	3	
32	21	404	3	
32	22	405	4	
32	23	406	5	
32	24	407	3	
32	25	408	2	
32	26	409	1	
32	27	410	2	
32	28	411	5	
32	30	412	2	
32	31	413	1	
32	33	414	1	
32	36	415	3	
32	37	416	2	
32	38	417	1	
32	39	418	2	
32	42	419	3	
32	43	420	3	
32	44	421	2	
32	45	422	3	
32	48	423	4	
32	49	424	3	
32	50	425	4	
31	12	426	3	
31	13	427	4	
31	14	428	4	
31	15	429	5	
31	16	430	5	
31	17	431	3	
31	18	432	2	
31	19	433	3	
31	20	434	3	
31	21	435	4	
31	22	436	5	
31	24	437	2	
31	25	438	1	
31	26	439	2	
31	27	440	3	
31	30	441	1	
31	32	442	1	
31	33	443	2	
31	36	444	2	
31	37	445	1	
31	38	446	2	
31	39	447	3	
31	42	448	3	
31	43	449	2	
31	44	450	3	
31	45	451	3	
31	48	452	3	
31	49	453	4	
31	50	454	4	
30	12	455	4	
30	13	456	4	
30	14	457	5	
30	15	458	5	
30	17	459	2	
30	18	460	3	
30	19	461	3	
30	20	462	4	
30	21	463	5	
30	24	464	1	
30	25	465	2	
30	26	466	3	
30	27	467	4	
30	31	468	1	
30	32	469	2	
30	33	470	3	
30	36	471	1	
30	37	472	2	
30	38	473	3	
30	39	474	4	
30	42	475	2	
30	43	476	3	
30	44	477	3	
30	45	478	4	
30	48	479	4	
30	49	480	4	
30	50	481	5	
29	13	482	5	
29	14	483	4	
29	15	484	3	
29	16	485	3	
29	19	486	5	
29	20	487	4	
29	21	488	3	
29	22	489	2	
29	23	490	1	
29	26	491	5	
29	27	492	4	
29	28	493	1	
29	33	494	5	
29	34	495	2	
29	35	496	1	
29	40	497	3	
29	41	498	2	
29	46	499	4	
29	47	500	3	
29	51	501	5	
28	12	502	5	
28	13	503	4	
28	14	504	3	
28	15	505	3	
28	16	506	2	
28	18	507	5	
28	19	508	4	
28	20	509	3	
28	21	510	2	
28	22	511	1	
28	23	512	2	
28	25	513	5	
28	26	514	4	
28	27	515	3	
28	29	516	1	
28	32	517	5	
28	33	518	4	
28	34	519	1	
28	35	520	2	
28	39	521	5	
28	40	522	2	
28	41	523	3	
28	46	524	3	
28	47	525	4	
28	51	526	4	
27	12	527	3	
27	13	528	3	
27	14	529	2	
27	15	530	3	
27	16	531	3	
27	17	532	4	
27	18	533	3	
27	19	534	2	
27	20	535	1	
27	21	536	2	
27	22	537	3	
27	23	538	4	
27	24	539	3	
27	25	540	2	
27	26	541	1	
27	28	542	3	
27	29	543	4	
27	30	544	4	
27	31	545	3	
27	32	546	2	
27	33	547	1	
27	34	548	4	
27	35	549	5	
27	36	550	4	
27	37	551	3	
27	38	552	3	
27	39	553	2	
27	40	554	5	
27	42	555	5	
27	43	556	4	
27	44	557	4	
27	45	558	3	
27	48	559	5	
27	49	560	5	
27	50	561	4	
26	12	562	3	
26	13	563	2	
26	14	564	3	
26	15	565	3	
26	16	566	4	
26	17	567	3	
26	18	568	2	
26	19	569	1	
26	20	570	2	
26	21	571	3	
26	22	572	4	
26	23	573	5	
26	24	574	2	
26	25	575	1	
26	27	576	1	
26	28	577	4	
26	29	578	5	
26	30	579	3	
26	31	580	2	
26	32	581	1	
26	33	582	2	
26	34	583	5	
26	36	584	3	
26	37	585	3	
26	38	586	2	
26	39	587	3	
26	42	588	4	
26	43	589	4	
26	44	590	3	
26	45	591	4	
26	48	592	5	
26	49	593	4	
26	50	594	5	
25	12	595	2	
25	13	596	3	
25	14	597	3	
25	15	598	4	
25	16	599	5	
25	17	600	2	
25	18	601	1	
25	19	602	2	
25	20	603	3	
25	21	604	4	
25	22	605	5	
25	24	606	1	
25	26	607	1	
25	27	608	2	
25	28	609	5	
25	30	610	2	
25	31	611	1	
25	32	612	2	
25	33	613	3	
25	36	614	3	
25	37	615	2	
25	38	616	3	
25	39	617	3	
25	42	618	4	
25	43	619	3	
25	44	620	4	
25	45	621	4	
25	48	622	4	
25	49	623	5	
25	50	624	5	
24	12	625	3	
24	13	626	3	
24	14	627	4	
24	15	628	5	
24	17	629	1	
24	18	630	2	
24	19	631	3	
24	20	632	4	
24	21	633	5	
24	25	634	1	
24	26	635	2	
24	27	636	3	
24	30	637	1	
24	31	638	2	
24	32	639	3	
24	33	640	4	
24	36	641	2	
24	37	642	3	
24	38	643	3	
24	39	644	4	
24	42	645	3	
24	43	646	4	
24	44	647	4	
24	45	648	5	
24	48	649	5	
24	49	650	5	
24	50	651	5	
23	13	652	5	
23	14	653	4	
23	15	654	3	
23	16	655	2	
23	18	656	5	
23	19	657	4	
23	20	658	3	
23	21	659	2	
23	22	660	1	
23	26	661	5	
23	27	662	4	
23	28	663	2	
23	29	664	1	
23	32	665	5	
23	33	666	5	
23	34	667	3	
23	35	668	2	
23	40	669	4	
23	41	670	3	
23	46	671	5	
23	47	672	4	
22	12	673	5	
22	13	674	4	
22	14	675	3	
22	15	676	2	
22	16	677	1	
22	17	678	5	
22	18	679	4	
22	19	680	3	
22	20	681	2	
22	21	682	1	
22	23	683	1	
22	25	684	5	
22	26	685	4	
22	27	686	3	
22	28	687	1	
22	29	688	2	
22	31	689	5	
22	32	690	4	
22	33	691	4	
22	34	692	2	
22	35	693	3	
22	38	694	5	
22	39	695	5	
22	40	696	3	
22	41	697	4	
22	46	698	4	
22	47	699	5	
22	51	700	5	
21	12	701	4	
21	13	702	3	
21	14	703	2	
21	15	704	1	
21	16	705	2	
21	17	706	4	
21	18	707	3	
21	19	708	2	
21	20	709	1	
21	22	710	1	
21	23	711	2	
21	24	712	5	
21	25	713	4	
21	26	714	3	
21	27	715	2	
21	28	716	2	
21	29	717	3	
21	30	718	5	
21	31	719	4	
21	32	720	3	
21	33	721	3	
21	34	722	3	
21	35	723	3	
21	36	724	5	
21	37	725	5	
21	38	726	4	
21	39	727	4	
21	40	728	4	
21	41	729	4	
21	43	730	5	
21	44	731	5	
21	45	732	5	
21	46	733	5	
21	47	734	5	
20	12	735	3	
20	13	736	2	
20	14	737	1	
20	15	738	2	
20	16	739	3	
20	17	740	3	
20	18	741	2	
20	19	742	1	
20	21	743	1	
20	22	744	2	
20	23	745	3	
20	24	746	4	
20	25	747	3	
20	26	748	2	
20	27	749	1	
20	28	750	3	
20	29	751	4	
20	30	752	4	
20	31	753	3	
20	32	754	3	
20	33	755	2	
20	34	756	4	
20	35	757	4	
20	36	758	5	
20	37	759	4	
20	38	760	4	
20	39	761	3	
20	40	762	5	
20	41	763	5	
20	42	764	5	
20	43	765	5	
20	44	766	5	
20	45	767	4	
20	50	768	5	
19	12	769	2	
19	13	770	1	
19	14	771	2	
19	15	772	3	
19	16	773	4	
19	17	774	2	
19	18	775	1	
19	20	776	1	
19	21	777	2	
19	22	778	3	
19	23	779	4	
19	24	780	3	
19	25	781	2	
19	26	782	1	
19	27	783	2	
19	28	784	4	
19	29	785	5	
19	30	786	3	
19	31	787	3	
19	32	788	2	
19	33	789	3	
19	34	790	5	
19	35	791	5	
19	36	792	4	
19	37	793	4	
19	38	794	3	
19	39	795	4	
19	42	796	5	
19	43	797	5	
19	44	798	4	
19	45	799	5	
19	49	800	5	
18	12	801	1	
18	13	802	2	
18	14	803	3	
18	15	804	4	
18	16	805	5	
18	17	806	1	
18	19	807	1	
18	20	808	2	
18	21	809	3	
18	22	810	4	
18	23	811	5	
18	24	812	2	
18	25	813	1	
18	26	814	2	
18	27	815	3	
18	28	816	5	
18	30	817	3	
18	31	818	2	
18	32	819	3	
18	33	820	3	
18	36	821	4	
18	37	822	3	
18	38	823	4	
18	39	824	4	
18	42	825	5	
18	43	826	4	
18	44	827	5	
18	45	828	5	
18	48	829	5	
17	12	830	2	
17	13	831	3	
17	14	832	4	
17	15	833	5	
17	18	834	1	
17	19	835	2	
17	20	836	3	
17	21	837	4	
17	22	838	5	
17	24	839	1	
17	25	840	2	
17	26	841	3	
17	27	842	4	
17	30	843	2	
17	31	844	3	
17	32	845	3	
17	33	846	4	
17	36	847	3	
17	37	848	4	
17	38	849	4	
17	39	850	5	
17	42	851	4	
17	43	852	5	
17	44	853	5	
17	45	854	5	
16	12	855	4	
16	13	856	3	
16	14	857	2	
16	15	858	1	
16	18	859	5	
16	19	860	4	
16	20	861	3	
16	21	862	2	
16	22	863	1	
16	23	864	2	
16	25	865	5	
16	26	866	4	
16	27	867	3	
16	28	868	2	
16	29	869	3	
16	31	870	5	
16	32	871	5	
16	33	872	4	
16	34	873	3	
16	35	874	4	
16	39	875	5	
16	40	876	4	
16	41	877	5	
16	46	878	5	
15	12	879	3	
15	13	880	2	
15	14	881	1	
15	16	882	1	
15	17	883	5	
15	18	884	4	
15	19	885	3	
15	20	886	2	
15	21	887	1	
15	22	888	2	
15	23	889	3	
15	24	890	5	
15	25	891	4	
15	26	892	3	
15	27	893	3	
15	28	894	3	
15	29	895	3	
15	30	896	5	
15	31	897	5	
15	32	898	4	
15	33	899	4	
15	34	900	4	
15	35	901	4	
15	37	902	5	
15	38	903	5	
15	39	904	5	
15	40	905	5	
15	41	906	5	
14	12	907	2	
14	13	908	1	
14	15	909	1	
14	16	910	2	
14	17	911	4	
14	18	912	3	
14	19	913	2	
14	20	914	1	
14	21	915	2	
14	22	916	3	
14	23	917	4	
14	24	918	4	
14	25	919	3	
14	26	920	3	
14	27	921	2	
14	28	922	3	
14	29	923	4	
14	30	924	5	
14	31	925	4	
14	32	926	4	
14	33	927	3	
14	34	928	4	
14	35	929	5	
14	36	930	5	
14	37	931	5	
14	38	932	5	
14	39	933	4	
14	40	934	5	
14	45	935	5	
13	12	936	1	
13	14	937	1	
13	15	938	2	
13	16	939	3	
13	17	940	3	
13	18	941	2	
13	19	942	1	
13	20	943	2	
13	21	944	3	
13	22	945	4	
13	23	946	5	
13	24	947	3	
13	25	948	3	
13	26	949	2	
13	27	950	3	
13	28	951	4	
13	29	952	5	
13	30	953	4	
13	31	954	4	
13	32	955	3	
13	33	956	4	
13	34	957	5	
13	35	958	5	
13	36	959	5	
13	37	960	5	
13	38	961	4	
13	39	962	5	
13	44	963	5	
12	13	964	1	
12	14	965	2	
12	15	966	3	
12	16	967	4	
12	17	968	2	
12	18	969	1	
12	19	970	2	
12	20	971	3	
12	21	972	4	
12	22	973	5	
12	24	974	3	
12	25	975	2	
12	26	976	3	
12	27	977	3	
12	28	978	5	
12	30	979	4	
12	31	980	3	
12	32	981	4	
12	33	982	4	
12	36	983	5	
12	37	984	4	
12	38	985	5	
12	39	986	5	
12	43	987	5	
11	0	988	4	
11	1	989	4	
11	2	990	3	
11	3	991	3	
11	4	992	3	
11	5	993	2	
11	6	994	3	
11	7	995	2	
11	8	996	1	
11	9	997	2	
11	10	998	1	
10	0	999	4	
10	1	1000	3	
10	2	1001	4	
10	3	1002	3	
10	4	1003	2	
10	5	1004	3	
10	6	1005	2	
10	7	1006	1	
10	8	1007	2	
10	9	1008	1	
10	11	1009	1	
9	0	1010	3	
9	1	1011	4	
9	2	1012	4	
9	3	1013	2	
9	4	1014	3	
9	5	1015	3	
9	6	1016	1	
9	7	1017	2	
9	8	1018	3	
9	10	1019	1	
9	11	1020	2	
8	0	1021	3	
8	1	1022	3	
8	2	1023	2	
8	3	1024	3	
8	4	1025	2	
8	5	1026	1	
8	6	1027	2	
8	7	1028	1	
8	9	1029	3	
8	10	1030	2	
8	11	1031	1	
7	0	1032	3	
7	1	1033	2	
7	2	1034	3	
7	3	1035	2	
7	4	1036	1	
7	5	1037	2	
7	6	1038	1	
7	8	1039	1	
7	9	1040	2	
7	10	1041	1	
7	11	1042	2	
6	0	1043	2	
6	1	1044	3	
6	2	1045	3	
6	3	1046	1	
6	4	1047	2	
6	5	1048	3	
6	7	1049	1	
6	8	1050	2	
6	9	1051	1	
6	10	1052	2	
6	11	1053	3	
5	0	1054	3	
5	1	1055	2	
5	2	1056	1	
5	3	1057	2	
5	4	1058	1	
5	6	1059	3	
5	7	1060	2	
5	8	1061	1	
5	9	1062	3	
5	10	1063	3	
5	11	1064	2	
4	0	1065	2	
4	1	1066	1	
4	2	1067	2	
4	3	1068	1	
4	5	1069	1	
4	6	1070	2	
4	7	1071	1	
4	8	1072	2	
4	9	1073	3	
4	10	1074	2	
4	11	1075	3	
3	0	1076	1	
3	1	1077	2	
3	2	1078	3	
3	4	1079	1	
3	5	1080	2	
3	6	1081	1	
3	7	1082	2	
3	8	1083	3	
3	9	1084	2	
3	10	1085	3	
3	11	1086	3	
2	0	1087	2	
2	1	1088	1	
2	3	1089	3	
2	4	1090	2	
2	5	1091	1	
2	6	1092	3	
2	7	1093	3	
2	8	1094	2	
2	9	1095	4	
2	10	1096	4	
2	11	1097	3	
1	0	1098	1	
1	2	1099	1	
1	3	1100	2	
1	4	1101	1	
1	5	1102	2	
1	6	1103	3	
1	7	1104	2	
1	8	1105	3	
1	9	1106	4	
1	10	1107	3	
1	11	1108	4	
0	1	1109	1	
0	2	1110	2	
0	3	1111	1	
0	4	1112	2	
0	5	1113	3	
0	6	1114	2	
0	7	1115	3	
0	8	1116	3	
0	9	1117	3	
0	10	1118	4	
0	11	1119	4	
